Processing the matrix L:
==========================
Triangle table:
 6 O 
 5 O X 
 4 O X X 
 3 O X X X 
 2 O X X X X 
   1 2 3 4 5 

6|1: 1 copies. Paths:
6->1:
	Copy 1: [[6, 1], [5, 1], [4, 1], [3, 1], [2, 1], [1, 1]]

5,6|1,2: 2 copies. Paths:
5->1:
	Copy 1: [[5, 1], [4, 1], [3, 1], [2, 1], [1, 1]]
	Copy 2: [[1, 1]]
6->2:
	Copy 1: [[6, 1], [5, 2], [4, 3], [3, 4], [2, 5], [1, 6]]
	Copy 2: [[6, 1], [5, 1], [4, 1], [3, 1], [2, 1], [1, 2]]

4,5,6|1,2,3: 3 copies. Paths:
4->1:
	Copy 1: [[4, 1], [3, 1], [2, 1], [1, 1]]
	Copy 2: [[1, 1]]
	Copy 3: [[1, 1]]
5->2:
	Copy 1: [[5, 1], [4, 2], [3, 3], [2, 4], [1, 5]]
	Copy 2: [[5, 1], [4, 1], [3, 1], [2, 1], [1, 2]]
	Copy 3: [[2, 1], [1, 2]]
6->3:
	Copy 1: [[6, 1], [5, 2], [4, 3], [3, 4], [2, 5], [1, 6]]
	Copy 2: [[6, 1], [5, 2], [4, 3], [3, 4], [2, 5], [1, 6]]
	Copy 3: [[6, 1], [5, 1], [4, 1], [3, 1], [2, 2], [1, 3]]

3,4,5,6|1,2,3,4: 4 copies. Paths:
3->1:
	Copy 1: [[3, 1], [2, 1], [1, 1]]
	Copy 2: [[1, 1]]
	Copy 3: [[1, 1]]
	Copy 4: [[1, 1]]
4->2:
	Copy 1: [[4, 1], [3, 2], [2, 3], [1, 4]]
	Copy 2: [[4, 1], [3, 1], [2, 1], [1, 2]]
	Copy 3: [[2, 1], [1, 2]]
	Copy 4: [[2, 1], [1, 2]]
5->3:
	Copy 1: [[5, 1], [4, 2], [3, 3], [2, 4], [1, 5]]
	Copy 2: [[5, 1], [4, 2], [3, 3], [2, 4], [1, 5]]
	Copy 3: [[5, 1], [4, 1], [3, 1], [2, 2], [1, 3]]
	Copy 4: [[3, 1], [2, 2], [1, 3]]
6->4:
	Copy 1: [[6, 1], [5, 2], [4, 3], [3, 4], [2, 5], [1, 6]]
	Copy 2: [[6, 1], [5, 2], [4, 3], [3, 4], [2, 5], [1, 6]]
	Copy 3: [[6, 1], [5, 2], [4, 3], [3, 4], [2, 5], [1, 6]]
	Copy 4: [[6, 1], [5, 1], [4, 1], [3, 2], [2, 3], [1, 4]]

2,3,4,5,6|1,2,3,4,5: 5 copies. Paths:
2->1:
	Copy 1: [[2, 1], [1, 1]]
	Copy 2: [[1, 1]]
	Copy 3: [[1, 1]]
	Copy 4: [[1, 1]]
	Copy 5: [[1, 1]]
3->2:
	Copy 1: [[3, 1], [2, 2], [1, 3]]
	Copy 2: [[3, 1], [2, 1], [1, 2]]
	Copy 3: [[2, 1], [1, 2]]
	Copy 4: [[2, 1], [1, 2]]
	Copy 5: [[2, 1], [1, 2]]
4->3:
	Copy 1: [[4, 1], [3, 2], [2, 3], [1, 4]]
	Copy 2: [[4, 1], [3, 2], [2, 3], [1, 4]]
	Copy 3: [[4, 1], [3, 1], [2, 2], [1, 3]]
	Copy 4: [[3, 1], [2, 2], [1, 3]]
	Copy 5: [[3, 1], [2, 2], [1, 3]]
5->4:
	Copy 1: [[5, 1], [4, 2], [3, 3], [2, 4], [1, 5]]
	Copy 2: [[5, 1], [4, 2], [3, 3], [2, 4], [1, 5]]
	Copy 3: [[5, 1], [4, 2], [3, 3], [2, 4], [1, 5]]
	Copy 4: [[5, 1], [4, 1], [3, 2], [2, 3], [1, 4]]
	Copy 5: [[4, 1], [3, 2], [2, 3], [1, 4]]
6->5:
	Copy 1: [[6, 1], [5, 2], [4, 3], [3, 4], [2, 5], [1, 6]]
	Copy 2: [[6, 1], [5, 2], [4, 3], [3, 4], [2, 5], [1, 6]]
	Copy 3: [[6, 1], [5, 2], [4, 3], [3, 4], [2, 5], [1, 6]]
	Copy 4: [[6, 1], [5, 2], [4, 3], [3, 4], [2, 5], [1, 6]]
	Copy 5: [[6, 1], [5, 1], [4, 2], [3, 3], [2, 4], [1, 5]]

Processing the matrix U^T:
==========================
Triangle table:
 6 O 
 5 O O 
 4 O O O 
 3 O O O O 
 2 O O O O O 
   1 2 3 4 5 

6|1: 1 copies. Paths:
6->1:
	Copy 1: [[6, 1], [5, 1], [4, 1], [3, 1], [2, 1], [1, 1]]

5,6|1,2: 1 copies. Paths:
5->1:
	Copy 1: [[5, 1], [4, 1], [3, 1], [2, 1], [1, 1]]
6->2:
	Copy 1: [[6, 1], [5, 2], [4, 2], [3, 2], [2, 2], [1, 2]]

4,5,6|1,2,3: 1 copies. Paths:
4->1:
	Copy 1: [[4, 1], [3, 1], [2, 1], [1, 1]]
5->2:
	Copy 1: [[5, 1], [4, 2], [3, 2], [2, 2], [1, 2]]
6->3:
	Copy 1: [[6, 1], [5, 2], [4, 3], [3, 3], [2, 3], [1, 3]]

3,4,5,6|1,2,3,4: 1 copies. Paths:
3->1:
	Copy 1: [[3, 1], [2, 1], [1, 1]]
4->2:
	Copy 1: [[4, 1], [3, 2], [2, 2], [1, 2]]
5->3:
	Copy 1: [[5, 1], [4, 2], [3, 3], [2, 3], [1, 3]]
6->4:
	Copy 1: [[6, 1], [5, 2], [4, 3], [3, 4], [2, 4], [1, 4]]

2,3,4,5,6|1,2,3,4,5: 1 copies. Paths:
2->1:
	Copy 1: [[2, 1], [1, 1]]
3->2:
	Copy 1: [[3, 1], [2, 2], [1, 2]]
4->3:
	Copy 1: [[4, 1], [3, 2], [2, 3], [1, 3]]
5->4:
	Copy 1: [[5, 1], [4, 2], [3, 3], [2, 4], [1, 4]]
6->5:
	Copy 1: [[6, 1], [5, 2], [4, 3], [3, 4], [2, 5], [1, 5]]

Overall results:
-----------------
Number of copies:
{'L': {'2,3,4,5,6|1,2,3,4,5': 5,
       '3,4,5,6|1,2,3,4': 4,
       '4,5,6|1,2,3': 3,
       '5,6|1,2': 2,
       '6|1': 1},
 'U^T': {'2,3,4,5,6|1,2,3,4,5': 1,
         '3,4,5,6|1,2,3,4': 1,
         '4,5,6|1,2,3': 1,
         '5,6|1,2': 1,
         '6|1': 1}}
Pathss:
{'L': {'2,3,4,5,6|1,2,3,4,5': {'2->1': [[[2, 1], [1, 1]],
                                        [[1, 1]],
                                        [[1, 1]],
                                        [[1, 1]],
                                        [[1, 1]]],
                               '3->2': [[[3, 1], [2, 2], [1, 3]],
                                        [[3, 1], [2, 1], [1, 2]],
                                        [[2, 1], [1, 2]],
                                        [[2, 1], [1, 2]],
                                        [[2, 1], [1, 2]]],
                               '4->3': [[[4, 1], [3, 2], [2, 3], [1, 4]],
                                        [[4, 1], [3, 2], [2, 3], [1, 4]],
                                        [[4, 1], [3, 1], [2, 2], [1, 3]],
                                        [[3, 1], [2, 2], [1, 3]],
                                        [[3, 1], [2, 2], [1, 3]]],
                               '5->4': [[[5, 1],
                                         [4, 2],
                                         [3, 3],
                                         [2, 4],
                                         [1, 5]],
                                        [[5, 1],
                                         [4, 2],
                                         [3, 3],
                                         [2, 4],
                                         [1, 5]],
                                        [[5, 1],
                                         [4, 2],
                                         [3, 3],
                                         [2, 4],
                                         [1, 5]],
                                        [[5, 1],
                                         [4, 1],
                                         [3, 2],
                                         [2, 3],
                                         [1, 4]],
                                        [[4, 1], [3, 2], [2, 3], [1, 4]]],
                               '6->5': [[[6, 1],
                                         [5, 2],
                                         [4, 3],
                                         [3, 4],
                                         [2, 5],
                                         [1, 6]],
                                        [[6, 1],
                                         [5, 2],
                                         [4, 3],
                                         [3, 4],
                                         [2, 5],
                                         [1, 6]],
                                        [[6, 1],
                                         [5, 2],
                                         [4, 3],
                                         [3, 4],
                                         [2, 5],
                                         [1, 6]],
                                        [[6, 1],
                                         [5, 2],
                                         [4, 3],
                                         [3, 4],
                                         [2, 5],
                                         [1, 6]],
                                        [[6, 1],
                                         [5, 1],
                                         [4, 2],
                                         [3, 3],
                                         [2, 4],
                                         [1, 5]]]},
       '3,4,5,6|1,2,3,4': {'3->1': [[[3, 1], [2, 1], [1, 1]],
                                    [[1, 1]],
                                    [[1, 1]],
                                    [[1, 1]]],
                           '4->2': [[[4, 1], [3, 2], [2, 3], [1, 4]],
                                    [[4, 1], [3, 1], [2, 1], [1, 2]],
                                    [[2, 1], [1, 2]],
                                    [[2, 1], [1, 2]]],
                           '5->3': [[[5, 1], [4, 2], [3, 3], [2, 4], [1, 5]],
                                    [[5, 1], [4, 2], [3, 3], [2, 4], [1, 5]],
                                    [[5, 1], [4, 1], [3, 1], [2, 2], [1, 3]],
                                    [[3, 1], [2, 2], [1, 3]]],
                           '6->4': [[[6, 1],
                                     [5, 2],
                                     [4, 3],
                                     [3, 4],
                                     [2, 5],
                                     [1, 6]],
                                    [[6, 1],
                                     [5, 2],
                                     [4, 3],
                                     [3, 4],
                                     [2, 5],
                                     [1, 6]],
                                    [[6, 1],
                                     [5, 2],
                                     [4, 3],
                                     [3, 4],
                                     [2, 5],
                                     [1, 6]],
                                    [[6, 1],
                                     [5, 1],
                                     [4, 1],
                                     [3, 2],
                                     [2, 3],
                                     [1, 4]]]},
       '4,5,6|1,2,3': {'4->1': [[[4, 1], [3, 1], [2, 1], [1, 1]],
                                [[1, 1]],
                                [[1, 1]]],
                       '5->2': [[[5, 1], [4, 2], [3, 3], [2, 4], [1, 5]],
                                [[5, 1], [4, 1], [3, 1], [2, 1], [1, 2]],
                                [[2, 1], [1, 2]]],
                       '6->3': [[[6, 1],
                                 [5, 2],
                                 [4, 3],
                                 [3, 4],
                                 [2, 5],
                                 [1, 6]],
                                [[6, 1],
                                 [5, 2],
                                 [4, 3],
                                 [3, 4],
                                 [2, 5],
                                 [1, 6]],
                                [[6, 1],
                                 [5, 1],
                                 [4, 1],
                                 [3, 1],
                                 [2, 2],
                                 [1, 3]]]},
       '5,6|1,2': {'5->1': [[[5, 1], [4, 1], [3, 1], [2, 1], [1, 1]], [[1, 1]]],
                   '6->2': [[[6, 1], [5, 2], [4, 3], [3, 4], [2, 5], [1, 6]],
                            [[6, 1], [5, 1], [4, 1], [3, 1], [2, 1], [1, 2]]]},
       '6|1': {'6->1': [[[6, 1], [5, 1], [4, 1], [3, 1], [2, 1], [1, 1]]]}},
 'U^T': {'2,3,4,5,6|1,2,3,4,5': {'2->1': [[[2, 1], [1, 1]]],
                                 '3->2': [[[3, 1], [2, 2], [1, 2]]],
                                 '4->3': [[[4, 1], [3, 2], [2, 3], [1, 3]]],
                                 '5->4': [[[5, 1],
                                           [4, 2],
                                           [3, 3],
                                           [2, 4],
                                           [1, 4]]],
                                 '6->5': [[[6, 1],
                                           [5, 2],
                                           [4, 3],
                                           [3, 4],
                                           [2, 5],
                                           [1, 5]]]},
         '3,4,5,6|1,2,3,4': {'3->1': [[[3, 1], [2, 1], [1, 1]]],
                             '4->2': [[[4, 1], [3, 2], [2, 2], [1, 2]]],
                             '5->3': [[[5, 1], [4, 2], [3, 3], [2, 3], [1, 3]]],
                             '6->4': [[[6, 1],
                                       [5, 2],
                                       [4, 3],
                                       [3, 4],
                                       [2, 4],
                                       [1, 4]]]},
         '4,5,6|1,2,3': {'4->1': [[[4, 1], [3, 1], [2, 1], [1, 1]]],
                         '5->2': [[[5, 1], [4, 2], [3, 2], [2, 2], [1, 2]]],
                         '6->3': [[[6, 1],
                                   [5, 2],
                                   [4, 3],
                                   [3, 3],
                                   [2, 3],
                                   [1, 3]]]},
         '5,6|1,2': {'5->1': [[[5, 1], [4, 1], [3, 1], [2, 1], [1, 1]]],
                     '6->2': [[[6, 1],
                               [5, 2],
                               [4, 2],
                               [3, 2],
                               [2, 2],
                               [1, 2]]]},
         '6|1': {'6->1': [[[6, 1], [5, 1], [4, 1], [3, 1], [2, 1], [1, 1]]]}}}
Matrix exponent = 5